35 36 41 36 
35 36 42 36 
36 36 41 36 
36 36 41 36 
35 36 42 36 
135 236 41 36 
35 36 41 36 
36 36 41 36 
36 246 41 35 
36 36 41 36 
35 36 41 36 
35 36 42 36 
36 36 41 36 
36 36 41 36 
35 36 41 36 
36 36 42 36 
235 36 42 36 
36 36 41 34 
36 36 41 36 
3 36 41 34 
36 36 42 36 
35 36 42 36 
36 36 41 35 
35 3 42 36 
36 36 531 236 
3 3 42 36 
135 136 41 36 
35 36 41 36 
235 136 42 36 
24 3 42 36 
3 36 42 36 
3 36 42 36 
35 3 42 36 
136 236 41 346 
33 15 741 36 
35 36 42 36 
36 36 41 35 
35 36 42 36 
36 36 42 36 
3 36 41 36 
13 1374 2172 36 
343 62733 70731 036 
343 62733 7173 036 
23 16174 7173 36 
23 164 262 36 
223 1633 7071 3436 
33 1364 172 36 
23 164 272 36 
523 627435 7273 036 
23 164 272 36 
236 1636 731 35 
23 13733 2731 34 
23 1634 2731 36 
023 16174 0730 3536 
43 1274 7273 36 
23 164 272 36 
13 1373 2273 36 
224 1634 362 36 
524 62734 7072 036 
23 164 272 36 
2 24 71 36 
53 6264 462 036 
3 33 3 36 
15 3337 40 244 
33 16274 162 36 
24 164 4731 36 
375 333 41 33 
2 25 61 36 
07 332 41 33 
27 334 41 34 
27 243 3 34 
375 33 41 33 
3 33 3 36 
27 235 41 34 
37 33 41 34 
37 33 41 34 
6 433 3 34 
6 335 3 34 
275 253 41 33 
2 24 71 36 
36 3713 41 3605 
37 3714 31 3347 
27 3713 730 23605 
36 37136 41 3605 
26 3614 731 3605 
37 3714 41 3605 
37 37136 731 2605 
35 2714 41 3605 
136 2353 7341 3604 
137 23727 731 3345 
34 3723 41 03615 
35 3713 41 2616 
36 27114 41 2605 
37 2714 431 36046 
436 46144 731 04515 
3 3712 41 3605 
37 2714 40 3605 
435 33714 731 0515 
36 2714 43 3615 
35 3715 41 2605 
35 2713 43 2506 
35 2714 41 2615 
36 3714 41 3605 
3 2714 41 3605 
14 2614 41 3605 
35 2724 41 26505 
37 3714 40 3605 
136 1614 41 2605 
36 2712 41 25505 
3 2723 41 3605 
236 27214 41 36505 
35 3714 41 3605 
2 353 731 3606 
37 2714 40 2605 
35 3714 41 3606 
25 37224 731 25505 
3 3714 41 3605 
36 2714 41 3605 
3 2714 41 3605 
353 37136 730 05505 
3 632 42 3336 
3 2345 732 3436 
3 36514 732 426 
17 6214 431 3343 
3 3616 742 4336 
135 27316 741 1346 
235 27316 542 135 
335 37316 742 135 
3 373616 731 5136 
37 633 41 4246 
235 27515 41 3346 
37 3717 73271 43 
36 27516 42 34 
235 16516 41 346 
27 62616 641 4136 
33 172616 42 4526 
3 62616 732 535 
3 63615 41 535 
3 63616 41 4236 
3 4626 40 4536 
3 622 40 4336 
37 62616 40 4246 
3 62616 41 536 
36 27316 42 2336 
35 2752 41 2336 
26 5246 640 2536 
37 62616 40 5046 
2 63146 631 4336 
36 27316 41 34 
3 63616 42 5136 
36 36516 730 4236 
37 33726 41 4046 
3 615 742 436 
27 3615 741 335 
3 37136 731 3336 
37 6225 731 4335 
35 27316 41 24 
136 27316 631 2436 
3 63616 42 5236 
3 27416 740 5236 
14 22374 472 36 
14 2234 7251 37 
527 623273 7351 05036 
14 22374 43 445 
337 61474 733 344 
137 22374 471 335 
614 172375 371 43436 
137 23736 471 3336 
6137 172337 271 3436 
0374 232374 43 35136 
614 722375 733 053 
075 23264 43 35035 
1375 23375 451 45036 
0373 22370 431 3335 
0375 22370 42 3334 
714 62275 7351 03436 
337 14374 7371 336 
3375 5371 42 04247 
0436 52374 451 36 
14 22374 44 36 
6271 3237 7350 06136 
524 52375 733 065036 
147 22374 451 3346 
7137 372374 73371 0537 
627 622375 7351 03356 
714 62374 734 036 
27 3371 7162 336 
0374 23265 452 4236 
24 22374 7373 36 
1375 2334 253 45037 
13 22374 451 36 
6275 622375 7351 055036 
1374 22365 434 35036 
714 37261 252 4347 
13 2375 451 336 
614 62373 73731 036 
614 62374 451 036 
6275 62374 7371 0335 
172 33375 31 4146 
13 22373 451 36 
2 335 41 6136 
3 3716 741 7136 
3 3716 42 6036 
04 3715 742 6036 
3 3716 41 6136 
3 3714 41 6136 
2 3616 731 6036 
3 3705 41 6036 
35 3606 41 3436 
3 37616 41 436 
3 3705 731 6136 
2 3436 731 6136 
37 3715 741 6136 
3 3716 42 6136 
3 3716 41 6136 
3 3704 41 6036 
13 143 731 6135 
3 3714 41 6036 
3 3716 41 6125 
3 371 42 6136 
134 3616 41 6135 
37 3714 41 6136 
3 3714 41 6136 
3 3716 41 6145 
2 3614 42 6136 
3 371 42 6136 
3 3714 42 6136 
3 3716 41 6135 
3 3714 42 6136 
2 343 732 6036 
3 3714 42 6136 
37 3716 731 6136 
3 3616 42 6136 
2 361 41 6146 
2 3714 730 6136 
3 3714 41 6136 
3 3714 41 6036 
3 3616 742 6136 
3 3714 41 6036 
17 3705 41 61336 
35 3 41 6136 
36 36 41 2435 
36 36 531 135 
36 36 41 2336 
365 345 740 2436 
36 36 41 2346 
3 3 42 4236 
35 36 41 6136 
35 36 41 6036 
35 36 42 4136 
36 36 40 3336 
36 34 41 6136 
37 36 431 2433 
35 36 42 6036 
26 336 41 13436 
36 36 42 6036 
36 36 42 6036 
35 36 40 146 
35 36 42 6145 
36 36 40 3436 
35 3 41 6136 
3 3 41 6146 
35 36 42 235 
35 36 41 2336 
35 36 41 6036 
35 36 42 6036 
36 36 41 6036 
36 36 42 6036 
3 3 41 6036 
35 3 42 6036 
35 3 40 5036 
35 34 731 6036 
235 35 42 2336 
35 34 731 6036 
36 36 41 6036 
36 36 42 2336 
337 1437 73171 3436 
35 36 41 6036 
15 335 41 3435 
235 36 41 2355 
37 37144 7172 35065 
1 6223 270 35507 
3 6223 170 35507 
375 37323 73171 3416 
3 62225 31 3555 
2 6214 5170 3555 
3 62224 1 3555 
2 6214 71 3555 
3 62224 1 35555 
34 37323 71 34546 
3 6223 1 3555 
37 3625 741 045505 
046 172224 171 052607 
3 6223 41 3555 
2 62147 6273 35416 
33 22227 270 355506 
37 6323 7171 3526 
3 37223 71 3556 
37 24 07171 34406 
346 6223 7171 3365 
1434 60623 71 3556 
3 62224 2 3555 
3 37223 71 3555 
63 370734 271 04445 
2 6223 61 3556 
3 6213 2 3556 
3 623 2 3556 
3 37322 713 3455 
27 6226 5315 4265 
27 62176 6271 3526 
3 62227 7172 35416 
37 6236 7270 426506 
36 61327 271 035505 
3 61623 71 3555 
3 6223 41 3555 
2 62223 731 3645 
3 6223 1 3556 
336 6233 71 3545 
34 62224 272 35506 
3 6223 1 355 
35 3336 42 3336 
137 2336 7331 3343 
35 346 41 2336 
35 345 631 34 
036 24 40 3446 
04 3336 40 3436 
36 34 41 34 
035 34 40 34 
36 34 42 3336 
36 34 41 3336 
26 25246 41 2615 
35 3345 631 2336 
2345 2336 42 2336 
35 34 442 13336 
236 2436 532 2346 
36 34 42 34 
35 34 42 2336 
37 345 741 2336 
147 2535 541 1334 
036 24 40 3536 
36 34 42 2526 
36 34 741 2336 
33 3336 741 3336 
36 34 41 3336 
35 35 442 2336 
335 34 742 03336 
36 3336 40 3436 
35 34 41 3336 
35 34 42 34 
35 3336 42 3336 
36 34 41 3436 
35 3436 41 3346 
35 3336 532 1526 
36 2536 41 3336 
35 2535 41 3336 
35 34 41 2336 
137 2436 40 3536 
036 2336 542 1425 
436 54245 730 3535 
037 2435 631 2525 
36 3716 42 36 
36 3706 41 36 
35 3616 41 36 
3 3706 42 36 
136 261 40 34 
436 43616 732 036 
26 3524 41 36 
37 371 41 3436 
36 2716 42 36 
036 2616 531 2436 
35 3616 42 36 
36 3716 41 35 
35 3616 41 36 
35 371 41 36 
237 13717 441 353 
35 3616 42 36 
35 3716 41 36 
035 2335 641 36 
36 3706 42 36 
36 3616 41 36 
36 43615 731 3445 
26 344 731 35 
03 14606 41 36 
136 14616 41 2446 
36 3616 42 36 
26 3336 741 36 
235 2706 41 136 
137 1335 431 336 
036 3716 41 345 
35 2616 532 36 
36 2606 41 36 
35 3616 532 36 
36 371 41 36 
36 3716 41 34 
3 3625 41 36 
535 43616 741 036 
35 23616 42 36 
36 3716 41 36 
37 3706 531 35 
35 3716 41 36 
037 233 352 3336 
16 236 334 225 
163 237 32 3156 
16 223 351 234 
07 334 41 3336 
06 333 251 334 
06 333 251 334 
25 24 42 36 
06 233 25 335 
06 233 351 325 
17 334 41 335 
17 327 42 336 
17 333 43 336 
06 324 351 225 
06 323 251 324 
17 334 24 236 
16 33 33 34 
06 333 431 334 
16 223 162 234 
06 325 25 336 
17 334 42 336 
06 233 251 334 
260 17233 7250 36236 
037 3233 252 2336 
037 334 432 3234 
037 32337 3272 336 
037 323 352 2325 
037 3233 253 3236 
160 334 2360 3536 
17 3334 252 3336 
037 2333 352 3336 
16 334 334 3236 
1371 3153 7250 1436 
161 334 331 43536 
343 5233 7250 63236 
037 324 252 336 
037 324 352 336 
16 323 251 225 
333 523 733 5224 
06 233 251 324 
36 3 31 136 
36 33 32 326 
37 3 41 34 
16 33 41 34 
37 33 41 336 
37 33 41 335 
35 3 41 245 
37 43 41 335 
37 3 41 24 
37 47 72 326 
36 33 41 336 
37 43 41 235 
35 34 42 2336 
145 33 42 1436 
356 33 42 13336 
175 343 41 3426 
35 3 42 2336 
37 3 41 3336 
35 3 41 1436 
36 3 42 235 
16 33 41 2435 
35 34 42 2336 
17 334 431 24335 
35 3 42 34 
36 344 731 1435 
37 3 41 3436 
33 2 41 3426 
26 334 41 345 
337 34 731 346 
36 344 732 1536 
27 333 425 3443 
35 3 42 1436 
33 2 41 3536 
15 33 42 34 
35 3 42 24 
36 3 42 2336 
35 3 42 2336 
15 33 42 13336 
25 33 41 34 
35 3 42 34 
25 235 62 335 
14 136 51 053 
036 1336 442 2605 
135 1356 640 2616 
237 26 642 515 
137 136 532 516 
233 136 542 3606 
137 136 431 2605 
136 1353 730 26046 
245 136 642 136 
536 635 641 0606 
146 235 641 1605 
135 236 641 2606 
136 1356 641 2605 
136 1246 642 2605 
26 235 61 515 
14 235 62 516 
135 135 642 2605 
136 2356 631 16046 
26 235 62 515 
14 135 50 515 
25 236 632 616 
27 35 3 43 
26 236 61 516 
36 36 3 34 
26 235 62 615 
3 35 50 6316 
3 35 62 6306 
2 235 62 6305 
15 135 62 515 
23 246 61 53 
14 235 631 0615 
3 35 51 515 
3 35 51 6306 
2 236 62 525 
136 136 631 2606 
134 136 641 06316 
135 136 642 516 
136 135 641 1605 
136 235 641 1605 
36 33 2 36 
35 244 732 136 
36 3433 732 136 
346 3 42 036 
35 37 432 136 
24 2733 631 336 
35 3 41 135 
235 134 731 136 
16 33 425 25 
35 433 731 135 
25 33 41 35 
16 234 41 35 
36 3 41 135 
335 333 731 135 
36 3 31 36 
3 3 3 36 
36 43 731 25 
36 3 2 235 
35 43 731 135 
36 3 41 136 
36 43 41 235 
36 3 41 235 
36 3 41 236 
36 3 2 25 
36 3 2 36 
15 33 41 36 
36 4 72 25 
35 3 41 25 
5 3 41 136 
36 33 41 35 
16 33 41 25 
36 43 731 25 
36 3 2 25 
36 4 731 26 
26 3 41 25 
36 33 2 35 
36 3 2 35 
36 3 41 36 
35 33 41 26 
36 3 3 36 
2 334 40 61605 
27 33 41 61605 
3 3 41 61605 
2 33 40 61605 
37 3 40 60605 
3 3 41 61605 
3 343 41 35615 
3 3 40 61615 
3 34 731 61615 
37 34 41 61615 
37 3 40 35605 
3 35 41 61615 
3 3 41 61605 
34 34 41 61605 
36 36 40 405605 
3 3 40 61604 
37 42 41 34 
34 3 41 60616 
37 3 40 44605 
37 34 41 61605 
3 3 41 34 
3 336 40 60606 
2 335 430 60606 
137 33 31 0426 
433 434 40 34606 
1 3336 41 60605 
35 35 632 61607 
35 35 632 61607 
37 3 41 333 
3 35 62 044 
25 334 40 3604 
27 326 532 443 
36 34 51 334 
3 3337 7341 60605 
24 33 30 5337 
34 2 41 433 
37 3344 731 50615 
3 3 43 4336 
334 334 7340 060605 
1 3435 41 60605 
3 3 1 436 
2 34 71 35 
3 3 1 355 
3 4 71 356 
36 3 1 35 
33 3 1 45 
3 3 1 35 
3 4 71 356 
3 3 1 35 
3 4 71 456 
36 3 21 356 
36 33 2 35 
1 33 21 456 
3 4 72 355 
33 33 23 55 
3 3 1 356 
3 3 1 35 
3 3 1 445 
3 42 40 453 
3 3 1 346 
2 33 11 6156 
033 133 232 36 
3 3 711 60636 
3 34 711 6065 
2 33 231 6065 
3 3 22 465 
3 3 11 555 
3 3 21 455 
14 3275 512 544 
1 433 41 3463 
36 3 21 5065 
04 33 21 06055 
16 3427 412 061636 
27 3436 512 61636 
14 333 41 060646 
36 3 21 455 
2 33 11 6056 
2 334 41 46506 
3 34 721 6065 
3 3 111 3645 
35 36 41 2346 
236 136 41 16046 
136 135 642 1435 
136 135 632 15235 
135 235 6331 2437 
136 136 642 3036 
136 135 6441 1524 
236 346 642 134 
61375 27 4331 1335 
136 235 633 24 
136 236 632 326 
036 36 442 236 
146 235 62 336 
27 235 631 335 
1365 135 6313 1605 
26 235 631 2336 
2 236 631 6036 
26 36 531 236 
235 136 531 6036 
26 36 53 336 
26 247 43 344 
27 235 52 505 
137 136 531 605 
137 136 642 136 
37 36 41 35 
137 136 631 6036 
137 136 51 6036 
137 235 641 426 
137 236 631 605 
236 136 531 436 
36 26 531 605 
237 26 51 426 
27 235 632 6036 
237 136 51 605 
24 26 533 436 
136 136 642 236 
137 135 6332 2346 
136 135 632 1536 
036 324 331 25 
245 36 53 137 
172 42 4331 34 
52 3 24 36 
631 3 271 36 
22 34 732 34 
51 3 271 36 
52 3 162 36 
331 0374 435 36 
3 33 33 34 
51 3 271 36 
51 3 271 36 
62 3 162 36 
52 3 262 36 
2 333 731 34 
62 3 172 36 
52 3 24 36 
52 3 42 36 
34 33 733 34 
3 3 33 36 
172 42 43 34 
34 337 261 246 
214 134 160 34 
37 343 733 335 
2715 3 262 36 
3716 345 7162 36 
36 336 7172 336 
3727 4337 532 1353 
1714 136 261 36 
34 34 7251 35 
372 34 7162 36 
3714 3 162 36 
3716 36 272 36 
3615 2336 7172 36 
372 33 4173 36 
3716 3 272 36 
3 3 41 36 
3627 34 7173 336 
3714 3 160 36 
3716 37 443 036 
3717 34 262 337 
2714 234 7162 36 
3 3 41 36 
3 3 40 34 
3 34 41 35 
15 326 41 35 
0375 32 41 333 
34 336 40 046 
2 3274 631 3336 
3 523 41 36 
23 1632 40 46 
1 32 41 35 
375 374 4731 304 
37 3 41 35336 
14 2373 631 36 
1 33 41 36 
314 32 40 436 
3 4 731 36 
3 3 41 36 
3 354 631 36 
3 234 41 35 
3 4 731 36 
3 34 41 35 
3 3 41 36 
3 3 41 36 
3 34 41 36 
3 34 41 36 
3 3 41 36 
3 3 41 36 
34 3 40 44 
3 3 41 36 
365 34 731 236 
14 14 731 36 
3 3 41 36 
15 326 41 35 
3 3 41 36 
0375 32 41 333 
34 336 40 046 
136 2536 631 36 
3 523 41 36 
23 1632 40 46 
1 32 41 35 
1 425 50 45 
1 33 2 36 
2 526 1 45 
1 32 1 36 
1 33 2 35 
1 43 1 35 
1 33 2 35 
1 33 1 36 
1 42 2 36 
1 33 2 35 
1 33 2 35 
1 43 1 45 
1 326 3 36 
14 315 3 35 
40 326 51 35 
32 316 41 36 
1 426 1 35 
31 326 41 36 
04 5316 612 536 
15 326 3 36 
14 315 51 36 
3 33 0 35 
1 326 3 36 
14 415 50 36 
1 33 3 36 
1 42 1 36 
065 326 532 337 
314 316 41 356 
306 3516 431 335 
517 326 523 336 
5036 3412 262 336 
41 316 40 36 
3 6415 741 3335 
0375 416 513 236 
361 316 641 35 
507 325 41 35 
03 3326 51 36 
14 326 1 35 
31 316 532 36 
31 316 532 36 
36 43 34 425 
36 3 33 424 
36 43 341 533 
13 336 33 433 
37 3 42 43 
33 3 42 434 
36 3 33 425 
36 43 341 424 
36 43 724 526 
33 43 731 525 
34 3 42 525 
37 3 33 525 
37 3 42 533 
36 43 33 523 
34 43 341 533 
5137 3 261 50526 
337 36 263 4336 
52 3 251 5425 
372 3 432 5226 
1717 33 162 55315 
172 33 260 5323 
5275 345 7350 5153 
0727 334 2633 36036 
34 3 162 5336 
34 34 162 5236 
372 3 433 5236 
04 33 260 5236 
372 3 162 4336 
0725 3424 3160 2616 
372 34 260 5225 
3716 3 160 45226 
1727 333 162 5135 
3527 5334 716071 05136 
3727 3 262 5314 
372 3 262 5225 
3714 3 262 5224 
1727 334 1624 56136 
614 3 162 5524 
23 3374 6262 36236 
37 3 42 425 
63 33 41 33 
64 3 41 33 
373 47 72 305 
373 43 41 305 
74 3 41 33 
64 3 41 305 
74 3 41 306 
3726 4 732 405 
63 4 731 305 
64 3 41 305 
372 433 41 4036 
3726 4 731 405 
372 42 41 405 
74 3 41 305 
372 433 41 4046 
33 334 31 316 
74 3 41 33 
64 36 41 316 
64 36 41 316 
074 33 41 326 
374 34 731 33 
37 33 41 34 
55 36 72 34 
373 4 72 33 
64 36 41 316 
372 4 731 305 
373 43 41 305 
64 3 41 33 
64 36 3 33 
63 36 42 306 
735 3 41 305 
172 42 41 3036 
72 33 41 305 
64 3 41 33 
374 3 41 304 
374 3 41 305 
3726 433 7333 314 
374 3 41 305 
074 344 41 305 
3744 36 41 305 
362 3 162 36 
362 3 1272 36 
3626 36 172 36 
362 3 162 34 
362 3 162 36 
061 333 1272 36 
372 3 162 36 
372 3 262 36 
362 3 1472 36 
1714 334 160 3435 
3614 3 0661 36 
372 3 1751 36 
0627 343 4172 3336 
35 36 4072 336 
3617 3 4172 3336 
1715 337 162 36 
362 4 7162 36 
1617 323 4162 336 
372 334 262 36 
3727 3 162 336 
372 3 2272 36 
372 3 162 36 
372 3 262 36 
372 3 262 36 
372 3 161 3345 
362 3 162 36 
362 3 163 36 
362 3 161 34 
52 3 1272 36 
372 3 162 36 
372 3 162 34 
3716 3 162 34 
362 34 162 36 
371 37 423 36 
334 43 43 36 
35 4 7172 36 
34 36 43 36 
362 34 161 34 
362 36 162 36 
36 3 4172 34 
52 3 41 36 
52 3 41 36 
34 33 40 36 
43 3 42 36 
34 3 351 36 
362 43 160 37 
34 433 430 46 
51 3 162 36 
34 433 430 46 
51 3 162 36 
43 3 42 36 
3 33 3 36 
33 37 42 36 
43 4 730 36 
34 3 41 36 
43 33 21 537 
43 34 31 37 
52 3 33 36 
14 33 24 37 
14 33 33 36 
14 325 31 35 
33 3 42 36 
33 3 33 36 
3 3 41 36 
3 43 731 45 
3 3 41 36 
3334 3 162 36 
361 3 162 36 
361 3 162 36 
361 3 162 36 
362 3 162 36 
361 3 162 36 
161 33 161 34 
51 3 162 34 
61 3 162 36 
0616 33 160 34 
3 37 430 344 
3617 34 7162 35 
361 3 262 36 
362 3 162 36 
26 236 641 36 
26 35 51 236 
136 2236 631 235 
436 3536 741 0336 
136 136 531 1336 
136 135 641 1335 
26 2345 72 335 
136 1346 642 1336 
135 235 642 36 
135 135 641 135 
26 235 641 235 
25 36 51 136 
136 235 641 26 
26 35 51 35 
236 136 51 136 
26 246 631 26 
136 135 641 136 
26 245 631 36 
36 36 51 35 
236 26 51 136 
136 236 631 26 
34 36 171 26 
26 25 51 246 
26 235 631 36 
26 235 171 36 
236 136 531 136 
136 135 641 135 
036 235 441 235 
136 235 641 135 
036 2615 631 35 
26 335 41 35 
145 135 631 135 
135 1356 622 135 
335 335 631 136 
136 135 641 135 
136 235 631 236 
336 435 741 235 
37 35 631 235 
136 236 641 2356 
336 145 731 136 
17 337 1372 3604 
36 3 21 365 
35 3 12 265 
36 3 21 265 
26 334 712 44 
36 33 22 354 
35 43 41 263 
36 43 41 264 
35 33 41 256 
35 3 12 265 
36 3 22 265 
35 43 41 264 
35 42 41 163 
35 3 412 3636 
35 3 412 3635 
36 3 412 3634 
36 344 712 2364 
35 43 312 13636 
37 3 1351 136066 
36 343 412 3636 
35 3 132 364 
36 3 133 2636 
33 2 1372 34236 
15 353 4312 13636 
335 3 131 0364 
35 4 722 26 
35 43 71 263 
35 43 722 164 
36 43 2 264 
35 43 41 53 
35 3 12 265 
36 43 21 264 
35 43 41 263 
05 33 131 0365 
36 344 712 365 
36 34 712 1465 
16 334 32 136 
36 3 321 246 
345 34 7131 0364 
35 3 231 2465 
26 235 41 34 
27 236 54 335 
25 26 61 246 
26 26 51 245 
27 236 641 34 
15 236 62 135 
136 136 651 1352 
26 35 631 244 
27 236 641 244 
26 236 62 35 
236 265 551 1353 
136 236 633 235 
137 236 641 253 
26 36 51 35 
236 1356 640 1363 
26 36 643 244 
136 137 642 134 
26 26 651 24 
333 046 7521 4326 
26 236 643 2336 
245 236 650 04436 
27 36 42 35 
136 236 631 1345 
136 136 641 23546 
136 136 3414 236 
174 236 641 2354 
37 36 51 34 
374 37 42 043 
16 136 53 234 
26 236 641 346 
26 236 641 345 
136 136 631 2354 
136 136 641 1355 
135 2356 651 1354 
26 365 650 344 
246 136 641 135 
145 1365 51 1345 
136 1365 61 353 
136 136 651 1354 
136 2356 651 2436 
036 333 244 234 
37 34 7341 13426 
35 3 341 13436 
335 537 7250 246 
25 33 350 1535 
36 37 250 2536 
15 36 4172 24 
35 37 273 24 
35 36 272 1536 
35 4 7162 1526 
15 334 41 1535 
36 34 21 1435 
23 135 360 53526 
26 324 4161 34 
3335 13 7162 36 
625 24 7161 2536 
37 43 3331 3527 
37 33 4331 13426 
36 3 33 336 
36 33 41 34 
36 3 262 235 
37 43 34 243 
15 33 24 334 
36 3 261 24 
35 3 42 244 
36 3 263 1526 
36 3 262 243 
37 3 251 243 
35 33 34 244 
36 3 33 236 
36 3 33 236 
37 337 432 326 
37 3 251 244 
35 3 1472 2436 
27 426 633 2523 
37 344 7162 334 
16 3334 43 3435 
346 36 442 03436 
16 33 41 2536 
16 335 432 336 
5 24 31 26 
37 24 41 325 
3 34 42 426 
26 234 51 426 
27 261 42 615 
17 335 62 326 
3 24 40 34 
27 24 51 326 
27 235 41 326 
37 263 42 516 
37 334 41 515 
3 25 42 526 
16 34 52 515 
16 34 52 515 
27 24 41 326 
17 235 41 426 
247 24 42 226 
37 34 41 336 
037 246 532 235 
035 236 41 235 
236 245 742 035 
237 1436 41 1436 
034 1334 42 35 
037 234 631 2435 
035 1436 542 2436 
037 235 525 24327 
25 34 41 34 
135 13526 542 1526 
246 2336 532 1525 
26 3446 740 1435 
036 243 431 3346 
37 3346 51 2336 
137 23616 741 5146 
035 234 431 1425 
237 24 42 15136 
036 1527 442 326 
26 2345 72 235 
17 335 62 2336 
135 13516 40 3625 
036 2346 632 1436 
34 34 61 45 
3 4 61 46 
35 3 11 46 
3 4 71 36 
3 4 71 46 
3 43 71 46 
3 4 71 45 
3 434 71 46 
3 43 71 46 
3 44 71 46 
3 44 71 46 
3 43 71 45 
37 53 7331 5304 
16 5414 341 41526 
3 54 712 536 
3 533 702 636 
3 5343 4703 536 
37 64 37071 53137 
37 5333 7171 64037 
37 374 3702 536 
3 54 4702 5336 
3 54 702 636 
2 63 071 5335 
2 6344 17071 6306 
37 533 7312 3536 
27 6164 3713 61636 
37 534 4071 6164 
3 44 71 46 
3 355 631 53 
3 34 71 436 
3 34 71 45 
3 4 71 46 
3 4 61 46 
34 35 631 53 
3 53 731 54 
33 44 61 46 
34 533 703 636 
37 54 47071 5307 
35 37327 740 533 
3 3733 730 5325 
33 36 71 36 
3 36 51 35 
34 36 3 36 
34 36 3 36 
3 35 72 36 
33 36 51 35 
3 36 3 36 
33 35 51 36 
33 36 41 36 
371 36 41 36 
61 36 51 36 
33 35 72 36 
34 46 71 36 
61 35 51 35 
34 36 731 36 
61 36 731 36 
34 36 71 36 
34 46 731 36 
33 36 41 36 
3 36 41 36 
1704 335 641 346 
371 36 531 35 
371 36 41 345 
3 34 731 345 
3 346 731 36 
3716 36 51 0346 
271 345 62 35 
371 35 632 0336 
604 36 51 35 
604 36 531 336 
34 36 40 335 
3 3436 731 36 
36 36 531 36 
271 246 642 036 
171 35 531 36 
1717 3336 7424 3426 
5617 5336 73171 0436 
3717 36 531 336 
3717 36 41 336 
34 3335 7341 335 
34 445 61 455 
52 454 71 445 
61 345 71 455 
43 344 71 345 
51 344 71 445 
51 445 71 446 
51 344 71 345 
61 345 71 455 
34 445 60 355 
34 445 71 445 
371 445 61 445 
34 454 71 445 
42 344 71 35 
52 34 71 35 
51 454 71 345 
52 44 71 445 
52 35 71 445 
34 445 61 445 
61 344 71 445 
61 3446 71 445 
361 3545 71 3445 
361 3545 71 04446 
371 3545 71 3445 
371 35455 71 3445 
362 344 71 345 
372 3444 730 3446 
362 3445 730 3446 
34 3344 730 34 
34 3446 71 0455 
362 3455 61 355 
3717 344 7171 35407 
362 3545 71 0455 
614 4454 61 4545 
372 346 741 3445 
362 24547 730 03446 
361 35455 731 3446 
371 3454 71 3445 
3714 3455 71 3556 
372 3445 71 3445 
362 364 51 355 
334 34 731 35 
323 143 730 44 
3 3 3 36 
3 45 61 45 
34 34 71 45 
333 45 61 46 
34 45 631 45 
433 45 62 45 
435 46 641 35 
334 34 731 45 
34 45 62 45 
344 35 62 25 
34 35 72 35 
333 35 631 45 
3 45 631 45 
435 34 731 35 
34 35 71 45 
34 34 61 45 
34 35 62 35 
3 36 41 36 
343 344 730 345 
3 34 722 35 
442 3 271 3446 
636 344 7321 04256 
434 344 730 35 
434 344 730 345 
524 344 721 0445 
514 345 721 345 
4362 3447 7171 0445 
424 3437 7160 0445 
343 344 7250 3444 
343 344 731 0455 
524 345 731 35 
1634 2435 731 5035 
424 3445 71 3445 
353 344 730 04447 
34 3444 730 0445 
5272 345 730 345 
434 3446 721 0445 
3 36 42 36 
062 3514 342 3525 
1727 4533 7261 55054 
334 5233 7171 5425 
343 4623 7262 4336 
162 45324 732 45144 
34 3533 7260 45324 
362 4533 432 52526 
034 3343 3430 5426 
34 452 341 533 
35 42524 7261 3346 
12 433 25 433 
43 334 33 044 
13 343 24 334 
43 433 42 433 
16 424 341 526 
46 433 43 434 
13 333 34 436 
3 4425 341 5326 
52 443 24 434 
52 343 261 4426 
06 433 273 425 
04 433 34 524 
36 443 431 423 
12 433 24 434 
56 4425 262 4336 
36 433 33 434 
3 343 33 434 
43 443 42 4336 
46 433 24 434 
362 4423 262 4426 
362 45324 260 45326 
062 44323 260 45236 
3627 15325 331 44054 
053 15324 262 05424 
43 3524 251 5324 
3337 5424 7262 45225 
3437 35324 7262 5424 
3614 4523 262 4523 
362 3523 263 4425 
334 3533 2641 45324 
34 44 71 546 
52 44 61 45 
52 44 71 45 
34 453 730 543 
52 44 71 446 
52 44 71 45 
52 44 71 446 
33 443 71 44 
34 443 71 54 
34 54 61 45 
34 44 61 45 
43 446 61 446 
334 44 61 45 
372 35 61 446 
362 434 730 446 
27 33615 631 34435 
0615 333 332 346 
3627 3536 7341 4236 
52 4454 730 5425 
062 3531 430 345 
0616 451 41 3436 
372 3543 730 4545 
372 3533 730 345 
062 3542 41 3546 
372 354 71 4444 
362 354 71 346 
1627 42636 6071 54165 
3627 454 7171 4256 
0337 3541 330 4437 
372 3544 71 3545 
3627 443 713 5156 
072 35441 343 44416 
0727 3541 341 42506 
3717 354 7171 3545 
3627 454 7171 4514 
172 3364 371 44536 
162 424 170 4535 
705 3 40 54134 
362 354 71 4536 
3717 3543 7171 35407 
2 514 41 505 
2 623 41 516 
1 523 41 525 
37 53 41 425 
35 523 41 516 
17 623 41 0515 
37 533 41 4505 
2 53 41 505 
1 6225 41 4506 
2 624 41 5506 
3 343 41 526 
3 524 41 4506 
2 523 41 515 
37 523 41 4506 
3 423 41 526 
12 623 41 4505 
2 523 41 525 
36 426 41 406 
16 524 41 515 
14 524 41 053 
37 6223 41 4235 
3 623 41 45505 
3 6224 41 45505 
37 6223 41 4515 
3 6223 41 51606 
3 6223 41 35516 
37 6223 41 45146 
3 61724 731 45505 
3 623 41 35515 
3 52724 41 45505 
37 623 41 36153 
36 5236 41 35506 
3 6224 731 35505 
3 42724 731 4515 
27 36144 731 45146 
3 6224 41 36505 
3 6223 41 33605 
14 62224 340 33607 
23 132 3340 55507 
2 6134 730 45505 
